$ANSIBLE_VAULT;1.1;AES256
33656234383436316333653266316239666532386334636633386464636532383030306262353638
3763646230373762613433663566323465383966626630640a303564343530393665363835663436
64306435636631383532363862656332663461396537313330613537326362656539353063323062
6664613330616562330a646332323833396661633939353963313336636161653230653331616335
61346533333161656535616338313934666436383761383964393862306639666131346538343236
62643332663933333138316665366139373834346462633233616664383639333865373038633934
65633535316138333162643761653736353462313835396231643433663134363830643663306262
63333332303636373864653331623837316163303137323863373336323766323261343732396332
38623631643563623834333438343465613731366335316362326238343430376633373437373330
37376532393761613764623735663637333139373536613261616435386261306262386630646531
65386463636438323239323131313062656630383435386336333839306436396231353638346632
36613262643938643365613163616138316232383165663561363261386134393939396531353836
31646639333766313632646330653864313230616132386437633164626335613837636666613637
64343432333263633965313634373133396138326633643337346139636136313136636261356236
31373139663664366335376462356135613832383634626362663937353636663736356562343136
31613936346163356465356661383133306336643037623664633234653862346436393939366463
32383361303734666135323637343932393034303862336135383462306631666566323066613563
62616263316432643837626564326564616264653435613961326331346532333730383062393666
63663239613338383565363664663765653839313266366563316437396536626337663430353630
36386262663966366238666233646465343138343362623862376530643462623130386534353533
62633437393066373330323266653230393133386266393162353836363437336438336530633131
62323336396635333165346632366362343764376630663564353236336132633133363766333630
35613964336265303765343765383865666137356535386264373130306664666166353761656631
34303766643762376135333263336535643562376466373538623731633735663430663663663033
65333961653033306235313831366163613064646433633632653738613265386632653562303433
36656637646564303139633330306332316361323139653933303866353739353464386165616130
65346637653134643261323038353039356663633936666136383364313862646338623766646534
39383932616263366363353236343935376263636265306634303938313763343338373738353639
36333430373734623066623334373237363738376563366537646463356532343332376161373139
61653332333465343461636566383061663162613633663034386130636537623137366364343661
36306131323566356437633037353337333666343333303136663762356431343533656265623262
63326533383264636136323161313334363765616164316635363938616339316463663866363731
65643933653430343236646537323462333135303066663464616462383764313165366131386333
33343861376335306662386563646633373561336165396638306336653366353961373832396630
65393437316165633934636139343535613664303165656533383033373632653037313438623063
38616137663338623939303762646632663734383564663064333031353432313862353036663365
62623362366661393366303365313634313732643564633030393563346363333332383133323735
63646135376435663734666564333538396231393938343835326634663835333434326334366665
30366135396233396432663136636163633636396663653933323731363761396534646262313830
36393030653230393834336236316565363032313862353562306431396565616539343436343761
31643839633731653564633836303732396536373065656464656531336138306363363137616330
30396636373238633663313465613731646566343238383031653863346634303966396131613336
64303864346661313935626333356135383765656130666237326130616639383366356263383935
32383564376437663766313636343936386137316335613231396663346437653333393530663861
36633039336466633635636462653538353038393861356637376431323932303335643239373435
35623530346136326566313664626163626531316632343031366162343339626330316539376564
62663163623039353737343665616663383830383631653865323734396262643136353638306562
64663730663837343966333231353465366464376461646438386263366637336263353736353330
35366133336131626131376162303535363761646134313335323133383863316363333134383633
35633436353135323134393635623931356131643165376362623466343030343136356134333238
35346431386334633164343532316566663161656665333537633263613865353433336131316636
37353437633962663865343663356632373339343639303838346437633230396265663262303963
65663238653334353365636333356466376236306162356334663931373132313030323332303864
30616237313464356565373232643338613965616562373230363464336437366235303733326663
33393035626437613232626165343232623264633932363662646638623638333937393530373364
36616166643562306338316132303263663766636137623564623762363366306162326663316339
31336136393031386133656361633034666131333033646338306664316565626364386336383935
38353639356161316165353637326339373433376263343464316434313361373161613437336537
32316365366530623439613536633231666332333934613432646562623835393662376435646638
65363261626633653931316665383537613436393237366635626662336462636262623631303134
36323263373734386464383962346336646461613539613065393535333033623334393162313364
62623666396162343433663537326337656431626463663338313036636565313132383535303732
37326332343538646162366166323166643536393030663162303365613961356463366565343763
30656365313865303634666461303462303565353634613632373535613562376661626234616538
65616339393365333166383338323131393764613562303336643635336165623536396631343635
39633766326138666662383563663963346261656630633261313864643030663563396235323535
32633031623564623461616264353866336163613430356239653833373033643966636336343831
36336330336632363334616138333266376637303934636439633838663033663163383333366136
34326166336630366562633562373831623238363330376532653666303866353165346236373533
36386635623637303832343561336432333666326561646135653332616533313638653732376535
37613466316565333238643433303364646139383734636663366162383731346366343763653665
32343230613636616237666664653562373034383336646131663566386466353565343134346330
65356237666636363535623430616561386633643739656134376137353233663139666639383262
39666637323536343437393362383239396337643365646239353966363061633238383733373762
30393630393261316265313935393137643164636439333765376665623062393838383039626334
38313832633636323463336533366531376537643339633136663261323365333738643031316631
61326137333464383633356133373561613037353830646232663539373131303964343630356135
65323636333030373937393636373133313365343231353637353365393962336637386239346230
30303566363231643731666463663664376265323033613364663165323534653539383737363662
62623139643630636233313963643936346134346230326463646637343837323239313234326532
33663864336239653535363366306531383764633438323438313237623766356539393831343031
31343362636239393839626631333430336136326561626137336239636564626334653862613866
32363038313635373932386637356664613730353762366162653866306537636539623637336235
65393832396533383033666433376666396464346233333063663634303261636431326635323932
65306130663763633435303361363038393463313561386338373133343339343265313235336338
31356432656338616238356334326162396638333632623763346535613933353434366432376533
62613639336334633338363264313833373431323639396634376233626339383666396435336330
37633633396461373337656232663064666163623863333936643537326330653236626162363539
64313437663561326535643432646161626337333961653337663762666365623362393336393733
64363738393264393732353766363266303033366437613265303130313338616632323766373039
34626638653863666161303761653935383463643461376331643434636166366263616636613932
38343963393731313766396131386639623361303833623261373239393062663032663063653136
66643136386439626332303765383037326539653032616562343330663430643064376335333464
39393066633561646330633561623430333665333631643237386230363032306661613866346434
38396333356630333133653430633266373532393265386435623638663561373136656163376333
30303262386434613363396335306636373233656430623135343132313863373063636461373463
30336436623731313933303263373235323036646139613136303364303563386139373735303266
61393331393230613662656261656637376161643762353335323539643936376130333833373930
35393065653335636263383232323363393962336139326164333866616337623530663433333562
61326334323833356662653161653236346165336266313061373965303738393430376632353961
39646633613636336466633038646466373335633363383139396333343936656563636331386562
34623163383163666434396334626164656334363431643235303864376564326630653332366663
33396333363130303338623037353532616438326339313736623431376166373463313866383338
66393037323231346565623863653532663331303036663961646537656639396531393666666366
32633036636466323933306466633134316232623535336362633763303865356338623663366366
64646661386531393435366339336633666262323033633534663634653132636666633563393537
64306530376639613136396332323531663065316430306536386335303633346630336564353565
31343566383232316233343239633833336338623661393664623633336362316164343831363762
33666365373037656636313361396461663639643562623863626236383532646339333462646464
63316230373061396535306464616439613836396466643837393961396166633931356166393362
63393830393738643138623738313833306565636337636634646666343962343465656161306137
62616437373163613364616365346336363363383761643335626534396536666533353766363736
64656437646234373533626464646533303835636561386338356263353364303738323162316365
30326137626432666234626161323264613364373561303430303738323135323461353539323965
39323536336165373230653261376139666164383634333031653836633932343163633936636461
30643338623834633137666266653363626363613031373239356232616262313239356439316134
39383234346532353830353837323532353263666634363732643837376138323930343563303364
30363038363830633566323165653365333137643137323531393535633066653237373763333635
61373537666563343663653934323037656634343366333936383438306465303365646562356533
35626435346461346636323162353632363635323632663734326330623336373032346563306663
38373738376365613039316632396633323165326163613438343632666132663631353935386435
39653938303962623631613031326135636430646363333535303562353032326536396430613961
62636436383035393162353934316162643033613335343836316637373666366262616234623665
36396263386561396236333135326531623337336539333962303633653763663164306365393738
63613061636234653662636263386662636335353863386534653437396438323264343463393562
62393036623631373930353137643539313831313233643034316264336661356162636434626237
64613438616161376163353837366231316464353938616236643931353130316564383563393737
38363838393930376262326662616230363436646537373563306336316230316134613935316236
36386264376139643636656636313334636531323764396133383937656564316635363534323736
38636461346530343430663433383835653865633830363237326232636237383734363239383031
32343234613932343364393563666530613431353534633334313862373262343235343662373561
66376165363462396164386535326138333330636237626432646134343838323939313936383433
64346631353064663137646565343834643765363037653963386366643133643363373238303561
38653464636339666237613438353764363465323534393933653732356531333663303065633262
30326462663263663730663533313364386561333934613137363261363935646363643535663333
36336533313234353939363838666331623037653737316262663535386238313461366462353434
61653063336366333535363365306466636231313764326335336330333863383734623963366638
36613037306666613334316465313031366330336135633338393936326438623738333330666438
33616332626435363532303831353763366165666231396236306635363136323136653263613230
37633161663833356337306332666662373466333462346464663561333633336630623438313430
31633865393365386461663664633139633834663936353331646235616430623433613230313465
63643164653932313538666432656435643332653531353661623032373965656164363331366566
61646135386531626562373637333762613762373637346662393632336332623236653066323033
36346138616131316633633063663633633937326436323335373461626366626431356638383734
38363034343936633963383463303832613966303735363462396338656230653865373139363963
65303734653765343336636362653661396362343834313665306539666237323135666564343666
39383561623931303562663162386361353934343331343637353264386438616437383937353338
64353166353132313835393534323733396632666532653238363831353336623439316630346666
64383465393637386130333863316132343865373666323061336635663336383036313631633934
31623465323165383936653138616566393939393062616334343063396536613233623636633638
31366236323638343031303839633833303733393138653565346662663063326139636533323534
66303061333962323666393537626533323037323365643563303536323939306331323437313563
35333834383862376266303630363533313231306230303037326632343161646539356663633162
62316431386361323063356630376133353264363739333536373338366338353137323561636238
38393062376265666532373736356431646461656531393231373234656663623839303062353239
63303866366563353936343439323635336361343436653962663834383433656531313032393633
37386131623065366263393937346662633539656561303862316666613431363430333861356132
30323662386562363862393162313065636431356664383062623065653962383566333531643034
32393764316562643333666230383364383866643263343164343336336231333534623133626135
66636534383265333263643565393265656438393033633563376431393036333930366364376339
36356439316432336263636133383838656333323764323031376631623366303838633866396433
66343033633131616635353333333037653536623364346435343566336561653438393839626261
61323931333134666236336435393132326635646561633862313734643366653933636135346637
32363565613534633130633039653335626331376438386663356538646135323362356366626637
39393762333537373363643963303533366531396165663030636336306366323664303631393530
32616533326263323865336432393463323438633764666433303266363834363838663861363261
61633239323435353831366638376564346632623039366433636661633361356235336234376663
63646138366362396239613037643839376637396565616362333938353834333731376336323463
33333131373862623036336139376139626661366236396434646135323561616264353431306131
66356365333038636566346131313136363661396261353731346632303061663538366564343637
61656233333863653936383330303662653838343436653539346562653638636531326534336334
33303935366335316534393939666231616262326537626432643165633166636462343639346566
66333766623934386535383765303063633039653735626237306364343763636665346665303539
66623539306461373237363936323139653661653934613066363538363739616164396238653863
61613465376238323265633538643337313330336463366637316235333134343834663536313261
35643630613133633930
